-1.276493415157747391e+00
-1.254284659727428197e+00
-1.219888951541320488e+00
-1.223287638558700818e+00
-1.226227156731339862e+00
-1.187803168755512839e+00
-1.189944948421765458e+00
-1.173875010708534283e+00
-1.156115421380962793e+00
-1.184598473102566274e+00
-1.138605422738133477e+00
-1.121726282716736689e+00
-1.126794511700269785e+00
-1.126817693497822903e+00
-1.107551741358526742e+00
-1.105706237368822897e+00
-1.101319255511196804e+00
-1.078578046498551268e+00
-1.081921796919898204e+00
-1.049642241692239075e+00
-1.056938929014918038e+00
-1.030145694321635608e+00
-1.025797848856555783e+00
-1.019103871025166974e+00
-1.003934626115233986e+00
-1.016375243565280195e+00
-1.007757525134855392e+00
-9.860678325898721841e-01
-9.727729423825500765e-01
-9.742327570634575773e-01
-9.682729445121595058e-01
-9.531299677559795791e-01
-9.385162609904212916e-01
-9.317696408222891913e-01
-9.175126720778452594e-01
-9.310999960262859032e-01
-9.168833920512610147e-01
-9.176678266602780187e-01
-9.272462359646668206e-01
-9.278013471222629205e-01
-9.034428573959186748e-01
-9.222393414905095677e-01
-8.889775380536426574e-01
-8.990412966418170893e-01
-8.907648776509520250e-01
-8.700347495350650995e-01
-8.706961337428877901e-01
-8.168564831132856252e-01
-8.322093998179652674e-01
-7.943877163050463430e-01
-8.026191885962208339e-01
-7.801641626471292890e-01
-7.416224371629415169e-01
-7.489668686408770260e-01
-7.326175749818506500e-01
-7.122771896154302951e-01
-7.112697999748721633e-01
-6.800583207085307835e-01
-6.683668513156235669e-01
-6.377334614057746931e-01
-6.122540883272332701e-01
-6.100776681400558177e-01
-5.743991504195797848e-01
-5.293427489814370723e-01
-4.979481600894253290e-01
-4.725028812963784075e-01
-4.398441713804840392e-01
-4.415259286374521031e-01
-4.395819561952387655e-01
-4.070463387127949972e-01
-3.821638552426184221e-01
-3.594161438719440937e-01
-3.485538589869958681e-01
-3.337727789266488609e-01
-3.425677388042419058e-01
-3.304535022005443134e-01
-3.460587442822342097e-01
-3.112582319922352903e-01
-3.053624839111555023e-01
-2.917271805513808602e-01
-2.984222245640065219e-01
-2.900621174110088463e-01
-3.073090023955542538e-01
-2.893544580766710395e-01
-2.908857794799890040e-01
-3.335572763469208946e-01
-2.970536320825942211e-01
-3.118604702382609117e-01
-3.119650423268316985e-01
-2.962442685890092631e-01
-3.000997395251118749e-01
-2.999339064484906614e-01
-2.874543968442899167e-01
-2.904654663528998815e-01
-2.983363659521012234e-01
-2.952971899471129591e-01
-2.927661198805012743e-01
-2.931614884641569607e-01
-2.780622887811221577e-01
-2.723212006776143390e-01
-2.798640109737122739e-01
-2.819629803945729596e-01
-2.810408886733856693e-01
-2.632747802726607689e-01
-2.625302528631536791e-01
-2.737631962346790404e-01
-2.627202437187577955e-01
-2.442106549092353807e-01
-2.583599631343301839e-01
-2.560417515456224757e-01
-2.634087747046750527e-01
-2.465686601406924805e-01
-2.499283058256744905e-01
-2.656876902549388797e-01
-2.402097757501134301e-01
-2.481966193504947515e-01
-2.460961411471112859e-01
-2.418668216746795441e-01
-2.379900902747954239e-01
-2.402661137132175162e-01
-2.375355496516662335e-01
-2.432653999767777631e-01
-2.444371799398356304e-01
-2.565692503351504339e-01
-2.536277170514932844e-01
-2.590643734760875727e-01
-2.714377974020691364e-01
-2.628290526519430070e-01
-2.795122373054469977e-01
-2.635274690012265886e-01
-2.724735709528459671e-01
-2.561439670336623786e-01
-2.611434186212252540e-01
-2.580474154484001525e-01
-2.617291203004736833e-01
-2.619325468787361832e-01
-2.674006387261536610e-01
-2.650225580453411944e-01
-2.584981378746510905e-01
-2.499442985048117016e-01
-2.574074590237014348e-01
-2.469434810173311290e-01
-2.468776789645434344e-01
-2.283334548842909650e-01
-2.273664340961126240e-01
-2.378243176636562484e-01
-2.318428434702183571e-01
-2.238816844595829803e-01
-2.342977321800134294e-01
-2.259317759501976164e-01
-2.223092833943632052e-01
-2.257004736122622535e-01
-2.192662097771977125e-01
-2.257866980023360559e-01
-2.134674637818262943e-01
-2.085134708037974238e-01
-2.047268133103541110e-01
-2.221871411076113412e-01
-2.185196930429979534e-01
-2.118030391865978190e-01
-2.100104171915326556e-01
-2.056108075030990134e-01
-2.184497408937751128e-01
-2.101509435577781915e-01
-2.220907387372275110e-01
-2.230979056816122519e-01
-2.223306726325750826e-01
-2.285290514394612282e-01
-2.255180624899382757e-01
-2.291471993092886184e-01
-2.395189985530374044e-01
-2.268217592028089202e-01
-2.112686079340200807e-01
-2.053297226090748107e-01
-2.229071634751242925e-01
-2.120256246066092032e-01
-1.873555091883483958e-01
-1.870739347017504051e-01
-1.898446599663865808e-01
-1.845448103638507031e-01
-1.845004950511953123e-01
-1.922943226376644665e-01
-1.621899044053094485e-01
-1.646879869738895052e-01
-1.797315810762855071e-01
-1.699929923337062943e-01
-1.664442886056976822e-01
-1.644859844232064439e-01
-1.638681243035813861e-01
-1.531053112581043096e-01
-1.683158488217973703e-01
-1.453883907288497923e-01
-1.459192389118964817e-01
-1.721191864400340443e-01
-1.670596276666797830e-01
-1.495238433272428058e-01
-1.460011135594307119e-01
-1.776259073068452987e-01
-1.363465687023584783e-01
-1.502283484817999448e-01
-1.470931748326229083e-01
-1.558483523520305947e-01
-1.300407443630085258e-01
-1.514982516982247562e-01
-1.526799407598705416e-01
-1.535040073468161015e-01
-1.464130476361048538e-01
-1.398526056710358012e-01
-1.335997439443919466e-01
-1.329347309989444559e-01
-1.175176452796250770e-01
-1.296963295202084310e-01
-1.139483818122837000e-01
-1.235436132731951991e-01
-1.220913832346171707e-01
-1.371772241865703845e-01
-1.302542023585209208e-01
-1.145906531142577706e-01
-1.455939999875572322e-01
-1.278513641749735030e-01
-1.198528612340408750e-01
-1.403563659176188805e-01
-1.179079128477104055e-01
-1.169922327335500556e-01
-1.279345486768893869e-01
-9.549761466339121152e-02
-1.230309043549930870e-01
-1.233045227181122916e-01
-1.126858264082499089e-01
-1.165692789958583803e-01
-1.236094536106083913e-01
-1.216840913596448776e-01
-1.215706735964929008e-01
-9.825706854623558750e-02
-9.192305846436389649e-02
-1.146318465705938872e-01
-1.185546567901286930e-01
-1.187804169694612749e-01
-9.491061943990065919e-02
-1.057536494462949089e-01
-9.322783119001400165e-02
-1.085326553483599299e-01
-1.254896553133606485e-01
-1.103976836802180450e-01
-1.024406690420962968e-01
-1.221937841039562878e-01
-1.821138379095283699e-01
-1.998857189707304860e-01
-1.827662443602675879e-01
-1.649808095661446095e-01
-1.413506009690472520e-01
-1.470486037606252572e-01
-1.261903267124579731e-01
-1.365563445230088824e-01
-1.438040556393004321e-01
-1.575610540915929336e-01
-1.662396731207019807e-01
-1.573147829075339788e-01
-1.529237294898943833e-01
-1.380304121611733159e-01
-1.206494686425187840e-01
-1.096806129668556340e-01
-8.359325094208971962e-02
-9.420888495335665025e-02
-9.160247381699503089e-02
-8.189262396870605754e-02
-7.680213140153496765e-02
-6.357282176125790552e-02
-6.485726634463027940e-02
-7.126200560658306482e-02
-8.402265306869556583e-02
-9.654760627172762066e-02
-9.917585384448809882e-02
-8.570568538826620064e-02
-6.040400396665149274e-02
-5.584517519427774357e-02
-5.530053934228968543e-02
-5.900938637693998318e-02
-4.825468087554793395e-02
-5.786057400504650283e-02
-7.943977095495624585e-02
-4.692150142087193887e-02
-1.013686635272793568e-01
-1.055661685854410586e-01
-1.014630751796576219e-01
-1.223862249818715164e-01
-1.108660442614039510e-01
-9.415770899437292396e-02
-5.877758252317626803e-02
-6.875387220480237704e-02
-6.121292277139595700e-02
-6.408672478125269911e-02
-5.278409470225697842e-02
-6.330934412625507934e-02
-5.111042516505344413e-02
-8.373851537708990045e-02
-8.865934307294735806e-02
-8.227636239805821705e-02
-1.471232182726907312e-01
-1.082381632134337551e-01
-1.160799317701864952e-01
-1.255736412123490686e-01
-1.355983092110991661e-01
-1.013816099942308896e-01
-1.340315419416456544e-01
-1.163090867093104636e-01
-1.174817865919843551e-01
-1.145022246334932575e-01
-1.134105644429545534e-01
-1.237649823795572979e-01
-1.198988489532637619e-01
-1.143908058762876240e-01
-1.429761485106867125e-01
-1.444125214672382362e-01
-1.313208348721584262e-01
-1.308006146786730994e-01
-1.382531359249114522e-01
-1.653250990680286414e-01
-1.575555308671873767e-01
-1.727704774982075087e-01
-2.186516800036746588e-01
-1.932149868353114641e-01
-3.233299250015911896e-01
-2.621590484627422946e-01
-2.544401378034120143e-01
-2.450256029171922201e-01
-2.213644016982886653e-01
-2.616132210940351754e-01
-2.573783322880722757e-01
-2.394528777791791185e-01
-3.310794190676116799e-01
-3.270392977950295488e-01
-2.743443121184822031e-01
-3.552594239332060866e-01
-3.189398118216227318e-01
-3.344520867307156919e-01
-3.175812947497755334e-01
-3.495172994220209217e-01
-3.278272464444248468e-01
-3.129832109428258291e-01
-3.063176980562536955e-01
-2.855928084965299596e-01
-2.543570140460795770e-01
-2.418427315916116815e-01
-2.519023870481567062e-01
-2.641854803802169416e-01
-2.586810779898239820e-01
-2.628372118347133690e-01
-3.839396952537549312e-01
-4.243014137518947293e-01
-4.292616080022889635e-01
-4.430284831458569661e-01
-4.384156396339149442e-01
-4.047076104676363140e-01
-4.130758012744524810e-01
-3.440157980270811544e-01
-3.228652405119225022e-01
-2.803856923991869809e-01
-2.636048811953832782e-01
-2.980911992411380829e-01
-2.553010307653943434e-01
-2.523414654934681978e-01
-2.694651506552351306e-01
-2.730499916025129759e-01
-2.653053936642992827e-01
-3.024048980425262378e-01
-3.178949744714716363e-01
-2.947282058588299170e-01
-2.954731416379577924e-01
-3.007573539792209871e-01
-2.865332767538251169e-01
-2.950868872548735866e-01
-2.799001826669474391e-01
-2.730244270896958203e-01
-2.814246339244007022e-01
-2.961158834421059316e-01
-2.932684865869357171e-01
-3.064527029461404095e-01
-2.951130578864865628e-01
-3.200797195122607186e-01
-3.103836006418872473e-01
-3.045249734973253797e-01
-2.821990904049108129e-01
-2.819559535147333484e-01
-2.556944834448003356e-01
-2.521222721417666901e-01
-2.737423621081367942e-01
-2.255116448858945910e-01
-2.328001946000616551e-01
-2.250307554043861069e-01
-2.176659681982073546e-01
-1.991226167600279040e-01
-1.832036610629563245e-01
-1.754211463015025452e-01
-1.831475194407751750e-01
-1.893345174584444290e-01
-1.654484422424773449e-01
-1.803796419292673092e-01
-1.672756176610711021e-01
-1.849574292705375156e-01
-1.700663519778385924e-01
-1.719388664537304656e-01
-1.633484204616024449e-01
-1.750574722726789823e-01
-1.679620854177468758e-01
-1.691877614547171171e-01
-1.616258203341288113e-01
-1.595102396421917978e-01
-1.642859854124548435e-01
-1.665818241301842972e-01
-1.697946970527957622e-01
-1.697124746011397789e-01
-1.676322625165455327e-01
-1.620146640152426432e-01
-1.834145366451545855e-01
-1.582247996677911550e-01
-1.767827417129832213e-01
-1.781329845350306806e-01
-1.790018524896583862e-01
-1.544186998209153838e-01
-1.531713462197319964e-01
-1.497870984785837634e-01
-1.471415761154779844e-01
-1.354450244970731299e-01
-1.496067851429964402e-01
-1.481869230051796327e-01
-1.473117761500606915e-01
-1.493190628427059630e-01
-1.577114075465849419e-01
-1.473449177141022970e-01
-1.523824451480357001e-01
-1.673771157433886492e-01
-1.796292787044040939e-01
-1.872466630962546230e-01
-1.760060169450345102e-01
-1.858294220711733391e-01
-1.760476929931922008e-01
-1.690409387166360577e-01
-1.673998140635815091e-01
-1.599533045682015320e-01
-1.409799302923038233e-01
-1.451163315323426017e-01
-1.433245719223643355e-01
-1.484641272838255477e-01
-1.394110322493454790e-01
-1.376337373013094001e-01
-1.402855067827523394e-01
-1.375776961489123817e-01
-1.358989261411737426e-01
-1.443093754858913447e-01
-1.334680802441663150e-01
-1.415701425541414371e-01
-1.349768247723505399e-01
-1.483561681355248796e-01
-1.358230381711181267e-01
-1.407017998985173046e-01
-1.263154558973185460e-01
-1.366433435274260477e-01
-1.437524468254500476e-01
-1.416400995188146494e-01
-1.456253929906303479e-01
-1.508572367515353674e-01
-1.480591816790104709e-01
-1.543117160051460657e-01
-1.402653799483687957e-01
-2.062715264437980367e-01
-2.190183598662711617e-01
-2.204313045539620930e-01
-2.147613420276175134e-01
-2.185562757804387912e-01
-2.029036517755812563e-01
-2.163927430330738200e-01
-1.948353658349752104e-01
-1.810911861753358720e-01
-1.553603936858400369e-01
-1.580274398664796576e-01
-1.548712950133177557e-01
-1.585587803431117160e-01
-1.396254521495021439e-01
-1.445081912965436866e-01
-1.113681195567621934e-01
-1.190141037696048898e-01
-1.155255101346860380e-01
-1.263858054590737134e-01
-1.251875860116922479e-01
-1.234945468838826443e-01
-1.214663217649293442e-01
-1.083875331839749961e-01
-1.113624256781050037e-01
-1.231027514451574351e-01
-1.145604431114460864e-01
-1.324476424014300324e-01
-1.497661663560551637e-01
-1.190024739761563199e-01
-1.390950063970998463e-01
-1.357739541071682210e-01
-1.217162578986922677e-01
-1.268532775442463567e-01
-1.208030495418612876e-01
-1.097382430823264921e-01
-1.152641021980819747e-01
-1.113237494129461075e-01
-1.173797277574103043e-01
-1.032371566134574759e-01
-1.103386336882737628e-01
-1.082143241703028835e-01
-1.153862194480071018e-01
-1.088066880464419323e-01
-1.049122440448132521e-01
-1.012072307213651573e-01
-1.117987715442583657e-01
-9.535731845665133821e-02
-1.102148756781069910e-01
-1.073234653443975728e-01
-9.009044940059242335e-02
-1.044597918449861329e-01
-1.121864864690838709e-01
-1.111926345238892916e-01
-1.083415527380151427e-01
-1.039486921657277879e-01
-1.001195604340277129e-01
-8.291974127935446137e-02
-9.311788910172519307e-02
-9.769379119620219543e-02
-9.415311394506442610e-02
-9.639378048902397245e-02
-9.677176706362776437e-02
-9.996937460906277217e-02
-1.099318250439771522e-01
-9.807549487603157978e-02
-1.004843762155309267e-01
-9.449909483608810723e-02
-1.010246269752175519e-01
-9.445577516559891529e-02
-8.991049221898170241e-02
-9.899504907385213437e-02
-7.747256164874795348e-02
-9.118144539533908077e-02
-8.981369544282964690e-02
-8.444988757161446535e-02
-8.016733870628393877e-02
-8.187749897359991591e-02
-8.350420307076773796e-02
-7.780994675412203354e-02
-9.642773716244117110e-02
-8.474223708356896922e-02
-6.998920448016038298e-02
-7.898388215322636741e-02
-8.487740774595724236e-02
-8.421939865268739112e-02
-9.824909790230608453e-02
-8.343751597160892208e-02
-7.802624777136038525e-02
-8.974334777085837822e-02
-8.547583712895899521e-02
-8.990919377696403314e-02
-1.092647126495277649e-01
-8.627653324985795624e-02
-8.578686372539519323e-02
-7.699120158071758036e-02
-7.086635278690872619e-02
-8.069646562762283759e-02
-7.367213522640650436e-02
-7.271505671810761517e-02
-7.069316611135730011e-02
-6.479515211032796373e-02
-4.999363105850711253e-02
-6.116776097060366152e-02
-4.400985839371341496e-02
-3.721354062994331607e-02
-5.613295168418950404e-02
-4.985995846284639599e-02
-5.863025371579686645e-02
-5.248015491379619257e-02
-5.742046157981488957e-02
-5.356847892344679396e-02
-4.585235700352843780e-02
-5.443357359219784530e-02
-4.712549633497473828e-02
-4.955805568950730905e-02
-5.025626131450340595e-02
-4.217267651390024102e-02
-3.974500840444682853e-02
-3.740670264075579565e-02
-2.436174652443209507e-02
-1.845892299262670219e-02
-2.290280395286847445e-02
-3.954983732096611221e-02
-2.141572756038334635e-02
-2.161927148734684584e-02
-2.738763561428669141e-02
-1.927395184191171840e-02
-6.737080327285723154e-03
-6.892747018550007300e-03
-1.513544965677499467e-03
5.015020268620691037e-03
-2.695435156521562136e-03
1.706632305625716689e-02
-1.844649702175538272e-03
-1.747975570287261735e-02
-9.509713107867663303e-04
-1.517787143833131298e-02
1.896952419221963060e-03
-3.452081311208552816e-04
-1.260137125500588370e-03
-3.261219733174182053e-03
2.155962760395781479e-03
5.917629579930831427e-03
6.100404610018378936e-03
1.451068030706650219e-02
5.813506656243291014e-03
1.695148760485181219e-02
2.181838865731886012e-02
8.245325616757313153e-03
1.078689096996880009e-02
-3.271924555730810168e-04
1.134695021251213090e-02
-8.207296430215301961e-04
1.801474735133597183e-02
2.011705257571006975e-02
4.632580228036559111e-03
-6.452554890927100588e-05
2.738537049772171370e-02
1.447858268282226600e-02
2.710936162819202293e-03
2.343481664516075882e-02
1.377351620842184703e-02
-1.184059629243657680e-02
1.153095680160715931e-02
4.238476937988938827e-03
-6.199899461060827573e-03
-6.694292188514010082e-03
-3.250193415191864055e-02
-8.195365764631947630e-03
-1.155003389371845636e-02
-1.568894248946567371e-02
-2.602423747724670351e-03
-1.651222788948905618e-02
-1.293726309894911199e-02
-5.569292448083624017e-03
-1.227077192449037638e-02
-8.751337940467273160e-03
-1.531024154602175433e-03
-1.598014085451791725e-03
-8.442303153071723659e-03
2.573154393006862536e-03
6.401037687546839278e-05
1.402268604024732579e-02
1.764640747869287984e-02
1.229383767731665258e-02
1.988404576647780780e-02
-6.223729398892688738e-03
2.210362573927426508e-02
2.170209849463749716e-02
1.999882367099603889e-02
2.472083480350981133e-02
9.396535867340917100e-03
2.595216691807985740e-02
1.930832454665258949e-02
2.003035370894831746e-02
3.097779078585422008e-02
1.902447786736416804e-02
1.560908453828314252e-02
3.217163146494325665e-02
1.708879534814019413e-02
-1.072412480279192303e-02
8.403022649851932258e-03
2.937345905491349496e-03
3.753463435922022723e-02
1.809019402182238806e-02
2.825322464153987370e-02
4.027972102442189950e-02
2.521619914458742354e-02
4.477105270858689617e-02
4.905774198022290478e-02
4.538663078956623603e-02
4.825495530947702255e-02
6.895204220267887874e-02
7.175065165618864371e-02
6.741291512242016115e-02
7.417337126869688602e-02
6.151176356359071284e-02
6.390219386695891735e-02
8.414725686006001293e-02
6.616751949242417885e-02
7.740035210303025659e-02
8.042365816150842672e-02
6.224654529823994698e-02
7.067114861373312296e-02
7.969403140321233703e-02
9.083469587271329748e-02
9.236731912347075080e-02
1.029183996609925600e-01
8.369940052725759194e-02
9.906101130130044730e-02
9.676605449879464860e-02
1.036237501494199909e-01
9.566533089359835484e-02
9.826679803813576086e-02
8.185456805708379857e-02
9.560859901891226309e-02
9.746349714679555798e-02
1.017574948952752606e-01
9.226238288625097927e-02
1.047610232649552608e-01
1.167991870883334921e-01
1.129667549187471920e-01
1.232483477231456626e-01
1.220822378881303294e-01
1.164880582471936876e-01
1.281722726073811769e-01
1.519808017098845943e-01
1.421241273436334718e-01
1.089525695740571759e-01
1.335029664671181782e-01
1.308689651729495751e-01
1.367030136768507542e-01
1.466342103272874065e-01
1.325939863793632323e-01
1.401791646282100623e-01
1.277403945794450824e-01
1.389039986333223398e-01
1.108737054162289987e-01
1.435589099878991637e-01
1.346395698407332198e-01
1.423520200997042684e-01
1.475833310526969422e-01
1.329046982903807350e-01
1.338680825409537256e-01
1.576822160443971943e-01
1.579595591932115017e-01
1.696625090196013930e-01
1.508557839096733577e-01
1.690415193672831773e-01
1.520948061972599297e-01
1.606990326870050001e-01
1.623416382651992618e-01
1.671795916027412066e-01
1.775797818351108059e-01
1.847263435034525447e-01
1.874266141326030310e-01
1.900462731659163518e-01
1.973661203357837957e-01
1.989129457429018866e-01
1.923930959607088043e-01
1.984707862631244490e-01
1.878865278378417936e-01
1.805347484850597928e-01
1.867739491862249746e-01
1.879168799381595867e-01
1.999453606490425028e-01
1.953894389633131501e-01
1.937668047729995957e-01
2.027686606980723394e-01
1.957012617493605888e-01
1.984475613108231673e-01
2.208961231357271238e-01
2.016231539681507257e-01
1.831115000714979568e-01
2.047637367837979450e-01
2.241004315582035833e-01
2.120041978535281979e-01
2.217612259532928953e-01
2.194834917412219755e-01
2.213959369183625125e-01
2.503319533503677863e-01
2.288647899983529133e-01
2.136319986177819541e-01
2.261668123765313843e-01
2.340727268866535093e-01
2.189096680537390982e-01
2.263661962843286080e-01
2.329795079495186327e-01
2.012192868193336537e-01
2.165383508155386549e-01
2.346553063054045984e-01
2.298609376199650667e-01
2.334723916121712595e-01
2.437595720271981126e-01
2.379068506691042195e-01
2.184784326381614128e-01
2.341259429195183539e-01
2.605397395457500487e-01
2.257469541645731881e-01
2.287427671889086245e-01
2.443879401831527964e-01
2.368255313645798443e-01
2.255385019836068095e-01
2.218533742818264154e-01
2.306816389428000269e-01
2.311108542684206513e-01
2.374533529125868458e-01
2.401131877436925577e-01
2.447147744508422484e-01
2.256236623975549083e-01
2.249014733312254821e-01
2.251020237864613527e-01
2.316185861771882792e-01
2.274676146416801936e-01
2.278401663668085386e-01
2.121472815187681327e-01
2.215071661772099465e-01
2.370506403774462201e-01
2.236583075508734864e-01
2.220319204614399911e-01
2.466155139639096827e-01
2.365097885059907479e-01
2.412690342814078626e-01
2.429925249551105615e-01
2.280255215797220847e-01
2.308650845155515718e-01
2.073747626317644921e-01
2.235867151317527390e-01
2.233085807616257690e-01
2.191248839759941669e-01
2.195772104564958360e-01
2.289144107264008687e-01
2.171141611212843991e-01
1.997462803097146689e-01
2.168508198429740796e-01
2.348347905131701885e-01
2.294341448703874631e-01
2.241268483914865828e-01
2.337760033405509863e-01
2.435161779335694165e-01
2.408042315149822032e-01
2.261614406952143497e-01
2.263658064192827779e-01
2.390336918368419217e-01
2.177907870731475570e-01
2.586402511612382327e-01
2.525672495178793997e-01
2.509140116590204972e-01
2.382661796792923670e-01
2.508759799837986804e-01
2.552534535202812815e-01
2.349660046201606511e-01
2.227953214373238899e-01
2.363123958737209651e-01
2.378749454613268144e-01
2.572072104583246754e-01
2.546534543055637978e-01
2.555190941542571093e-01
2.485201499637670619e-01
2.494620802076517041e-01
2.533959546651871619e-01
2.529764241979594597e-01
2.478339646858028211e-01
2.592623568679968682e-01
2.607792375248721983e-01
2.469385653164432037e-01
2.545051430170763851e-01
2.546688136964009308e-01
2.437066039272509643e-01
2.655721768840029196e-01
2.438239814873245648e-01
2.290911117361698057e-01
2.583472987830057188e-01
2.552648799029572091e-01
2.458144399160367144e-01
2.440426775158718309e-01
2.197517784934414631e-01
2.474783967549236963e-01
2.621455271207356330e-01
2.655373632679465246e-01
2.342376829507774594e-01
2.546825906053070132e-01
2.359588509355021735e-01
2.339988310591773757e-01
2.504221256635675852e-01
2.227625310355199062e-01
2.039512973614784064e-01
2.135996691861239416e-01
2.291242001546538176e-01
2.285044410492000910e-01
2.338181286396388003e-01
2.271455727439389283e-01
2.224177979234194524e-01
2.461537270638194108e-01
2.375939778115770951e-01
2.541900179079881195e-01
2.270600579402097807e-01
2.354036829427722521e-01
2.371041296920496644e-01
2.386801340199980470e-01
2.274786773726686917e-01
2.249827101052314371e-01
2.312539554781156692e-01
2.429253962938034972e-01
2.410349515424781985e-01
2.579015929487950554e-01
2.309291324050435912e-01
2.462880293893923989e-01
2.330910106629757172e-01
2.456798608383987947e-01
2.371873191109348800e-01
2.440597665375074943e-01
2.334448175674340709e-01
2.593290672744744119e-01
2.404826302903044777e-01
2.380968322987239705e-01
2.531480734444541691e-01
2.428702222011337730e-01
2.523187718249644274e-01
2.294101313395352781e-01
2.309822194243720539e-01
2.512376310046541827e-01
2.354159565074593896e-01
2.585988139933566576e-01
2.498252741982920078e-01
2.267610971266860176e-01
2.355963995518359777e-01
2.228834798415723628e-01
2.307199595917156232e-01
2.137239328878656475e-01
2.253459170023219549e-01
2.284868774735439589e-01
2.310683948441979718e-01
2.438904439258570700e-01
2.611204686549888909e-01
2.801320190793248899e-01
2.662951199326351603e-01
2.614337578585648192e-01
2.566465406035787211e-01
2.625558570266879888e-01
2.815769885643804593e-01
2.477828219732192416e-01
2.608645559767718836e-01
2.686202169920420824e-01
2.726592658707902572e-01
2.837762156939032110e-01
2.645894877687954283e-01
2.674864875221509841e-01
2.840539084824577620e-01
2.742170779852795004e-01
2.596448110684458355e-01
2.826320596424488074e-01
2.767158035434906793e-01
2.505378907303336677e-01
2.575974726177569507e-01
2.784429269957822695e-01
2.576881131135289049e-01
2.726019236497592146e-01
2.696032402150133622e-01
2.842046992265160887e-01
2.675425167004969462e-01
2.806620659986613364e-01
2.830538114944069483e-01
2.857696463559140643e-01
2.913560147242968412e-01
3.028913947773447801e-01
2.874722866869779403e-01
2.857856872853569707e-01
2.937406902696477196e-01
2.596723535762480717e-01
2.903437652742328901e-01
2.606653742981824839e-01
2.857257765002211292e-01
2.929063204843813661e-01
2.752448554654348678e-01
2.966129021797729304e-01
2.919665019370916714e-01
2.980194947774192360e-01
2.954513361411608141e-01
2.891112753414068481e-01
2.876885771179938933e-01
2.923412901391178598e-01
2.883388880108448959e-01
2.963887135723879962e-01
2.822169492955473036e-01
2.939296213997765195e-01
3.061374628417560806e-01
2.884330489207213577e-01
2.967296814193377541e-01
2.980636517775820393e-01
2.812543213662803687e-01
2.845381254748967637e-01
2.989595412128749352e-01
3.055785170404536899e-01
2.889446922543191243e-01
2.837567288379933550e-01
2.951317741590458454e-01
2.900622503088848281e-01
2.900206418912646966e-01
2.975526006525424649e-01
3.141760594129439088e-01
3.001078819408846132e-01
2.914821324231518518e-01
2.871486012670178556e-01
2.942896482258254287e-01
3.008811853246685653e-01
3.173204576003158528e-01
3.061138175228144687e-01
3.114004525399843848e-01
2.940768982221097505e-01
3.054468442112063808e-01
3.157271384862310182e-01
2.701705625434230873e-01
2.443704935179710491e-01
2.402107509111930106e-01
2.324337976993805510e-01
2.264079124474604188e-01
2.399275353696496971e-01
2.314852815486209137e-01
2.381249413563245321e-01
2.583604086751752904e-01
2.689712383523472083e-01
2.513972200121376566e-01
2.590527574829957214e-01
2.848522793920850726e-01
2.730541492445853202e-01
2.725961501323423963e-01
2.637027600923892989e-01
2.805841589345650644e-01
2.848423179934158611e-01
2.766902364057282071e-01
2.992711613854548980e-01
3.057682456551161221e-01
3.138633540424646817e-01
3.069088509659267938e-01
2.961575670721143250e-01
2.842339390133065691e-01
2.731166547914700704e-01
3.045573300824825913e-01
3.126128169082240671e-01
3.039918570452729840e-01
3.050412754451957142e-01
3.196305402151037867e-01
2.943261314020806374e-01
3.157870320683516807e-01
3.055764763436560894e-01
3.039522918963056264e-01
3.156319026937115524e-01
3.175744228649289291e-01
3.273065082913602097e-01
3.360435307953805184e-01
3.162836858745422530e-01
3.301889989997795483e-01
3.317576411123900337e-01
3.125083472910892834e-01
3.282951517041939327e-01
3.256794192559172574e-01
3.452772360029542353e-01
3.470549289053838637e-01
3.441969617839041873e-01
3.438729381280723474e-01
3.606537296628160028e-01
3.553609975809137178e-01
3.441075257384935693e-01
3.458943344172607515e-01
3.527681581267613220e-01
3.310281135424293364e-01
3.246004746280174436e-01
3.296621618288106403e-01
3.442569387480380327e-01
3.571326039437405786e-01
3.574789292145035824e-01
3.347486664142688140e-01
3.260521182019232578e-01
3.204793086020251702e-01
3.311153416748942035e-01
3.281208847297481523e-01
3.381210766136374390e-01
3.331339148483761226e-01
3.322368545110991334e-01
3.457881590826887841e-01
3.202059916465662681e-01
3.335062228911915283e-01
3.131252470151346667e-01
3.144120058096546710e-01
3.241352215934499847e-01
3.438800823739083801e-01
3.316273961771855627e-01
3.348964133200564852e-01
3.627743378677972252e-01
3.551763339462539748e-01
3.407583929755027552e-01
3.423081092869884601e-01
3.651716523284703197e-01
3.620274648117088878e-01
3.492598081532540810e-01
3.471365470086853477e-01
3.442453636388680960e-01
3.463771200416600471e-01
3.737235291634502521e-01
3.547198242983267691e-01
3.437564991047957763e-01
3.503059768228418136e-01
3.468731593155419679e-01
3.624737246124807855e-01
3.454525870902646068e-01
3.224123274047336896e-01
3.336860814037497236e-01
3.512451647936489785e-01
3.487732793314185509e-01
3.514814159796686432e-01
3.463226714655280869e-01
3.404276797958977752e-01
3.282448288675006154e-01
3.349015115137330967e-01
3.443816389108843024e-01
3.424836088200226003e-01
3.283084382637703191e-01
3.437457374927353482e-01
3.406549547824290203e-01
3.334560846835035730e-01
3.389133721475621197e-01
3.339367728502939947e-01
3.318426657166209104e-01
3.184802646301840290e-01
3.397805555157117907e-01
3.298959548330079872e-01
3.240189331525044625e-01
3.235243407722303011e-01
3.236801916565712478e-01
3.399262927312512450e-01
3.405472165385514116e-01
3.332965156439458565e-01
3.360313969411227730e-01
3.274565975632354187e-01
3.242819798074275672e-01
3.391417662190170934e-01
3.395199454088148050e-01
3.514423878563450176e-01
3.254195273669183153e-01
3.328973579283817097e-01
3.334772001980083056e-01
3.348345006022628301e-01
3.376146663159994010e-01
3.454075219841745148e-01
3.565767474819357963e-01
3.622076328620297825e-01
3.371110563962407269e-01
3.597506918459611458e-01
3.637063533849514974e-01
3.690899549380062261e-01
3.583030049816249840e-01
3.680185223275215800e-01
3.630868305804898499e-01
3.477694796514791409e-01
3.469695996049022568e-01
3.350928695064434026e-01
3.599989232133443684e-01
3.444575771304805856e-01
3.463104970316608355e-01
3.492084858095005906e-01
3.641752332728850350e-01
3.619885863907716939e-01
3.499284029182354594e-01
3.673124393506602137e-01
3.547322203355058323e-01
3.697310336871920122e-01
3.657089095931498890e-01
3.508872237040693287e-01
3.594450834828517571e-01
3.668663774798698318e-01
3.525240445712042314e-01
3.749204453017699890e-01
3.863230949019374472e-01
3.609420295869236184e-01
3.689492774148134258e-01
3.698397911005971705e-01
3.845830709551890103e-01
3.787246297112473736e-01
3.829543792580025197e-01
3.783727465111368926e-01
3.758500221031251254e-01
3.739898496601756772e-01
3.639989044693703879e-01
3.592677917246487329e-01
3.581692682251828574e-01
3.569890474288253124e-01
3.486617727163811020e-01
3.661091645011220752e-01
3.745004591664178872e-01
3.575111659727687741e-01
3.667482584030520854e-01
3.570174795309980498e-01
3.538395559718690575e-01
3.559766478840974413e-01
3.664471679965099482e-01
3.763594291452143081e-01
3.774236971376874750e-01
3.846771634905983839e-01
3.844595030181369166e-01
3.927523992687799170e-01
3.867238291593854127e-01
3.752226999970247334e-01
3.936770474269192244e-01
3.906889598828571231e-01
3.704779743916782331e-01
3.756841610070975612e-01
3.696369823719121150e-01
3.873181102607292092e-01
3.987908025868483475e-01
3.964221798964868149e-01
3.967215752285183639e-01
3.849506948520766692e-01
3.891568319414991373e-01
4.065888881743649486e-01
3.902252943561820286e-01
3.941063245000935300e-01
3.884205676401106255e-01
4.099278640873603163e-01
3.942619092986538454e-01
4.077762331091640546e-01
3.978966996879795825e-01
4.118211174340731251e-01
3.879460366385610315e-01
4.156588023931044873e-01
3.883847522228413562e-01
4.007819493448589454e-01
3.899755696497459456e-01
3.900559932660285778e-01
3.812146377842349221e-01
3.840288680096934915e-01
3.844867929062930623e-01
3.841168324073651608e-01
4.031358094596039221e-01
3.921005535383176865e-01
3.752889716211889048e-01
4.007511490592554626e-01
3.749447398538359733e-01
3.851582881071596853e-01
3.794251691246438019e-01
3.926269420501217744e-01
3.780827402620881572e-01
3.893104402230872507e-01
3.761288148539682075e-01
3.904319081219878584e-01
3.778584228276468671e-01
3.782777266816664818e-01
3.900762072653526369e-01
3.891123623248176067e-01
3.725006527413517454e-01
3.905209233389695944e-01
3.849710207570120057e-01
3.814131661394958850e-01
3.690146933123633066e-01
3.965315539777942155e-01
3.889370061777768783e-01
3.829333802588031910e-01
4.014154506418979307e-01
3.789526102926066842e-01
3.888996885319601082e-01
3.943342479387569322e-01
3.681135754240278390e-01
3.748449140969167814e-01
3.856607984907808873e-01
4.075651589674974540e-01
3.852094228102346807e-01
4.050677822640081360e-01
3.974207566751112308e-01
3.907197539725725810e-01
3.959175425175882057e-01
4.005905831307529086e-01
4.045217182533645262e-01
4.082053168707377444e-01
4.107591938613166516e-01
3.972834215361951138e-01
4.167161963060616592e-01
4.233805130188363908e-01
4.129559031894573518e-01
4.143275087635186482e-01
4.303763326928611299e-01
4.216433354119608623e-01
4.075885856372307714e-01
4.270549986836211787e-01
4.215661953815055818e-01
4.129962965615109893e-01
4.224786988910684826e-01
4.256367072809242869e-01
4.347046330166362549e-01
4.342354100065391465e-01
4.161058804083759832e-01
4.424177338689482819e-01
4.386098709241421645e-01
4.369944816615528027e-01
4.396268103274631467e-01
4.282718648761542068e-01
4.304440340264690246e-01
4.339617642934401887e-01
4.296741635553998906e-01
4.321986078632940043e-01
4.261416266163413624e-01
4.282098628701273557e-01
4.319656191969326042e-01
4.213143037447990569e-01
4.399998651163053442e-01
4.321393382521824811e-01
4.209324594266590780e-01
4.374642244971715388e-01
4.332475743473290786e-01
4.378404547944958480e-01
4.353990526491998692e-01
4.536381736207414361e-01
4.505951228858623980e-01
4.376422401498826775e-01
4.474160409494007395e-01
4.489081713206219404e-01
4.304354421534251629e-01
4.348249687277735420e-01
4.405873041366026865e-01
4.356825364320051075e-01
4.629498396412646821e-01
4.682680928303747936e-01
4.509358332047947449e-01
4.492117504803894712e-01
4.656960591402563576e-01
4.474346521327824955e-01
4.362957245196429912e-01
4.476572773311991993e-01
4.440058514616640473e-01
4.581956989928421264e-01
4.655193519748098696e-01
4.504300460088131453e-01
4.576188228025211413e-01
4.597754615257128030e-01
4.707251798216970928e-01
4.801524399774930729e-01
4.495640517644417522e-01
4.656551736783079432e-01
4.643064788560258283e-01
4.497393925074853471e-01
4.521318753430363380e-01
4.759645108614676823e-01
4.629015791021390824e-01
4.670940684964927647e-01
4.544651163956223705e-01
4.581600576360849164e-01
4.577537935190226781e-01
4.862393006125748651e-01
4.582911353968790458e-01
4.470556873324970093e-01
4.648723891020848376e-01
4.576050786914325763e-01
4.545149054991864945e-01
4.597555497823395676e-01
4.452119205190813167e-01
4.571261528615760961e-01
4.425344566371443578e-01
4.475940337495601384e-01
4.416705918067919678e-01
4.476902468227539345e-01
4.521441095749282879e-01
4.587170836661288997e-01
4.381294492138085861e-01
4.560936728241923310e-01
4.645972516616881931e-01
4.729766224226086280e-01
4.510534194325848123e-01
4.577553133438931887e-01
4.610520275748913877e-01
4.529949347247749780e-01
4.620538754353395450e-01
4.617990070006887104e-01
4.590694111203103001e-01
4.645944877286812824e-01
4.548213989945120717e-01
4.352212165501064267e-01
4.388190249017946964e-01
4.057158872601264177e-01
3.990320125439563714e-01
4.022066319553303515e-01
3.910790970119522036e-01
3.932822600287512738e-01
3.842247359335864698e-01
3.708166915486729165e-01
3.885474312733480096e-01
4.014252168210701299e-01
3.947825122674851750e-01
3.964327322241757989e-01
3.993282869555211945e-01
4.308469492293542924e-01
4.219135427047959741e-01
4.180372526232122299e-01
4.105120230070767318e-01
4.189559787494338550e-01
4.172586038780992101e-01
4.301540395568602682e-01
4.312639238283538790e-01
4.056922869101509121e-01
3.984576971596653361e-01
4.116753538350064190e-01
4.064855729740933787e-01
4.222218547208552719e-01
4.208354535977646971e-01
4.338443128732571430e-01
4.136371510533306539e-01
4.176411590559017672e-01
4.278619948057916789e-01
4.369628525332490132e-01
4.225972467588792192e-01
4.174731566281019712e-01
4.378125048763798488e-01
4.473817902965438464e-01
4.371757746817422907e-01
4.319297758795306863e-01
4.214054397361735038e-01
4.359347078549298815e-01
4.314734249876180927e-01
4.276374290344768792e-01
4.488118030444888107e-01
4.191463985450100127e-01
4.233196793292506865e-01
4.226815373171891044e-01
4.308312321427190117e-01
4.213379130257656202e-01
4.239976368419293706e-01
4.315834049639443171e-01
4.254378742200614072e-01
4.249894558261995137e-01
4.369552293960499711e-01
4.375346009994330876e-01
4.325501933347313255e-01
4.350683228532182256e-01
4.326218226077023221e-01
4.063389539071817214e-01
4.150743071146518748e-01
4.261721255607932024e-01
4.194719804126852969e-01
4.158764265187875897e-01
4.186274202128328903e-01
4.280641809686180355e-01
4.161601305527411476e-01
4.178503163405114518e-01
4.070250114899679472e-01
4.111176222017065562e-01
4.045479640395397980e-01
4.137391455871154977e-01
4.446558139611621607e-01
4.250303817253475724e-01
4.367092667885525969e-01
4.466164379370847759e-01
4.215076427194923148e-01
4.234997071293692961e-01
4.224349001659411518e-01
4.210517690801142132e-01
4.230428839673859853e-01
4.289208480010615610e-01
4.176142281765600206e-01
4.071261198561758610e-01
4.202553222007618938e-01
4.066894775399950146e-01
3.984935425539867793e-01
3.963369815678488006e-01
4.104376784656111887e-01
4.064069979397744170e-01
4.149740231087720166e-01
4.036427271616189194e-01
4.001100192943016221e-01
4.137132737002549021e-01
4.090226699817828826e-01
4.022562517461903409e-01
3.918707201589581302e-01
4.121345013827679704e-01
4.003514375126904778e-01
4.085235974209488474e-01
4.065231604174220914e-01
3.880445361796296400e-01
4.082496412974389588e-01
3.990684344416633444e-01
4.132521222197623745e-01
4.100494917703761399e-01
4.157366200605219775e-01
4.135321873727591524e-01
4.189197177406306372e-01
4.265697643947238826e-01
4.074324472148843634e-01
4.300890322638383223e-01
4.274161660406096686e-01
4.131510592111336533e-01
4.252642288255147895e-01
4.343916249484054970e-01
4.122412353957369824e-01
4.248394966137493123e-01
4.007564164118271322e-01
4.499844859392865826e-01
4.504706136137323624e-01
4.483161496204135510e-01
4.238919559844191443e-01
4.440521080729483150e-01
4.307924432140142756e-01
4.353769534241876404e-01
4.361015140285099401e-01
4.278655340890318848e-01
4.426535403287904513e-01
4.539895342036956438e-01
4.495972413125246536e-01
4.549885590890239695e-01
4.444320623715245500e-01
4.545522077805353445e-01
4.592806342740705094e-01
4.437637840549628065e-01
4.640214661837867016e-01
4.589941977199231138e-01
4.428962103748833590e-01
4.434572730807549990e-01
4.503564390366701642e-01
4.372473217636901333e-01
4.321238110577440006e-01
4.474256111375431999e-01
4.372537439374236112e-01
4.440123579934677212e-01
4.337383652016343349e-01
4.269332580754749973e-01
4.254519433221566338e-01
4.147584509047552714e-01
4.334117986740083084e-01
4.241843673140157644e-01
4.324798756109152209e-01
4.327369198524835814e-01
4.364188689623738626e-01
4.237635142980094582e-01
4.190314196501574995e-01
4.359758095410795065e-01
4.271477635660971828e-01
4.194871980282393054e-01
4.206121734493573072e-01
4.119998938311301706e-01
4.175679044951445817e-01
4.277788754014713590e-01
4.119115987078846852e-01
4.087421923582836292e-01
4.109246397098867964e-01
4.035820994488554803e-01
4.196236058080867193e-01
4.050493840077001306e-01
4.169283631095285769e-01
4.222345085980455104e-01
4.132428231674742936e-01
4.225402907264190766e-01
4.231420598496479224e-01
4.401800828316596581e-01
4.214865660669082081e-01
4.114906366376634428e-01
4.318717081839398286e-01
4.183221051638683630e-01
4.322692114779547179e-01
4.290186309768859174e-01
4.291111814959169268e-01
4.290936815345089972e-01
4.303045168706398083e-01
4.224478064128510124e-01
4.251199373548540938e-01
4.276127097748374517e-01
4.227591014942126413e-01
4.330372610141022260e-01
4.232072115265684276e-01
4.179973225826142391e-01
4.290623329728011082e-01
4.122983114429612517e-01
4.189910926758960152e-01
4.110065532731494997e-01
4.173363887749695911e-01
4.200108189878258846e-01
4.213261187141101316e-01
4.174862007188714363e-01
4.215999688723224281e-01
4.160650710849672640e-01
3.767467099576988221e-01
3.977226186515622208e-01
3.907386947991935422e-01
3.724122552501514249e-01
3.798877916747370742e-01
4.013678920086334867e-01
3.875925426519519768e-01
3.959735923405310332e-01
4.015334866154038340e-01
4.029994199002420729e-01
4.070110130748004207e-01
4.154597081591066554e-01
4.157568185339616251e-01
4.095675328329316245e-01
4.000070498775883943e-01
4.029142667954084267e-01
4.120742213448851388e-01
4.045311846665295419e-01
4.174274316910707161e-01
4.156764921999679951e-01
4.065380755315199379e-01
3.921975306331110800e-01
3.994671178586551297e-01
4.192917555279829234e-01
4.058031671043427768e-01
4.121284162822193564e-01
4.201575031930516735e-01
4.100812844286082504e-01
4.310572152500852239e-01
4.238222883662233209e-01
4.166527941818212732e-01
4.190938781541620473e-01
4.302145828329556054e-01
4.292060902695444824e-01
4.205243789272746224e-01
4.414742352988407226e-01
4.301644754756955291e-01
4.352926889123716059e-01
4.345250052721402745e-01
4.320827523342325449e-01
4.366430697589076537e-01
4.317253231820696868e-01
4.414796101313067656e-01
4.362426294719317643e-01
4.458431906925142685e-01
4.415225575806214775e-01
4.461236469613667488e-01
4.385648551374995430e-01
4.427894385899173169e-01
4.681440986149255079e-01
4.524188883833911157e-01
4.432329862368361018e-01
4.619980911295203940e-01
4.600884825436750702e-01
4.459251630006679790e-01
4.510975128323030381e-01
4.505628063388263937e-01
4.446077892947314925e-01
4.424561059625248816e-01
4.377113076777776612e-01
4.256628158485248337e-01
4.479074379953214002e-01
4.538783622698674414e-01
4.629828640264561646e-01
4.576238738749647816e-01
4.449749623081918903e-01
4.512333635197318116e-01
4.572799879474828133e-01
4.580410641101591018e-01
4.708450501652538533e-01
4.573017592209227544e-01
4.529580535465514979e-01
4.658218265999562457e-01
4.502501883837632946e-01
4.569660430984563426e-01
4.397122875992473534e-01
4.345479636566891846e-01
4.435984638483959630e-01
4.668771187827964186e-01
4.544402378939271792e-01
4.508117219563766986e-01
4.589869496176586794e-01
4.415144402188646566e-01
4.503504423264113044e-01
4.403502313164763815e-01
4.411917902939468950e-01
4.529039546157277440e-01
4.672818844869094934e-01
4.615632741508240988e-01
4.536964202090318921e-01
4.546405550692944053e-01
4.446564148979540443e-01
4.243850848015489619e-01
4.282608651424667512e-01
4.641484813644087271e-01
4.541180036706393697e-01
4.503249778863429031e-01
4.362372923873134023e-01
4.480686986800307414e-01
4.620054970747123346e-01
4.613285145494231965e-01
4.680072977025643288e-01
4.778419260964039128e-01
4.590705532810315237e-01
4.446441167227314084e-01
4.498604366630862272e-01
4.547382283481096188e-01
4.460646377051509792e-01
4.745940317383338103e-01
4.593843058111314881e-01
4.708912550210626047e-01
4.559947415802088622e-01
4.626765443259817090e-01
4.565992269569180140e-01
4.528009779072287855e-01
4.655337053397497482e-01
4.445899601348384245e-01
4.586306505571118297e-01
4.730753097499135196e-01
4.656218330825178664e-01
4.734438573637015368e-01
4.685351933215583520e-01
4.748866059028152287e-01
4.550749157989660842e-01
4.496924378449924098e-01
4.576353955954027275e-01
4.729785679147873734e-01
4.594983362563037077e-01
4.505952169359712101e-01
4.336655558058359894e-01
4.601102444509873601e-01
4.452622745807802151e-01
4.465736039484361486e-01
4.310189752456828338e-01
4.394094444184374337e-01
4.511638719580263190e-01
4.615996388746737566e-01
4.588972963162056273e-01
4.579302651044457328e-01
4.635379692511772953e-01
4.788281383810284453e-01
4.638411289724853614e-01
4.659616835374377208e-01
4.628184357642873836e-01
4.718542108058969009e-01
4.595880571086819466e-01
4.721062514373797758e-01
4.680952073589700890e-01
4.554981088762929953e-01
4.432549857419953998e-01
4.476075716507544877e-01
4.503415801624333081e-01
4.743900123522644119e-01
4.821457005739585577e-01
4.881955718614222617e-01
4.917238189077423605e-01
4.491276731772260167e-01
4.715532748454158707e-01
4.692382289853973543e-01
4.832292671927903571e-01
4.869547788832148671e-01
4.805816443137223004e-01
4.852699495578419731e-01
4.822008221000256278e-01
4.935321209176570800e-01
4.986345959370467873e-01
4.961674331448193698e-01
4.915084837700865461e-01
4.758844930351382452e-01
4.779811223947817433e-01
4.841320586648317770e-01
4.772984419956998736e-01
4.888450204148021561e-01
4.606892452964539975e-01
4.606760871742953678e-01
4.783169033427536743e-01
4.918825628390540716e-01
4.973922548095598417e-01
4.995111759962823639e-01
4.826161004969652946e-01
4.842125974604429284e-01
4.953154886151650005e-01
4.728823797854518340e-01
4.852123235051278849e-01
5.145096032371542227e-01
4.943602107442617299e-01
4.980781862166268614e-01
5.084264562291631595e-01
5.117887456995680040e-01
4.782567177292130212e-01
4.912886814458826135e-01
4.904147780203670925e-01
4.865885714500391424e-01
4.937344821532609895e-01
5.001562825858069106e-01
4.940647163542665754e-01
4.681227851738075096e-01
4.957594674175859750e-01
4.777572783568158621e-01
4.845019905341412803e-01
4.905909537445646840e-01
4.812508381318039152e-01
4.768421184340909669e-01
4.741246713384358880e-01
4.912328273127272160e-01
4.662069718471953395e-01
4.874365538480138760e-01
4.846784387956752371e-01
4.831658480264606759e-01
4.890478886380079659e-01
4.794669966031985253e-01
4.646449163720199893e-01
4.684442855977982156e-01
4.704475233673703904e-01
4.909333324304482882e-01
4.843082766846562026e-01
4.757482438728062313e-01
4.801821973109688946e-01
4.778056037056415684e-01
4.729134337571727076e-01
4.921182473156665016e-01
4.867108422615064045e-01
4.872686497557921492e-01
4.729915185344357176e-01
4.881533517836547653e-01
4.809600278485608449e-01
4.869256044050301879e-01
4.953743366340612186e-01
4.893442461743173211e-01
4.806360909558390349e-01
4.867464187154247335e-01
5.010033409529582871e-01
4.824526539484959020e-01
5.030937607603820361e-01
4.967534893655180528e-01
5.144231051872419913e-01
5.053205898594113066e-01
4.992888586703327913e-01
4.909601963801063507e-01
5.014594756574123346e-01
5.240829040377579240e-01
5.117696597099464784e-01
5.220459688135959953e-01
4.993791171246997895e-01
4.917947198407559561e-01
5.121979127766398410e-01
4.891033909921883027e-01
5.004184660729078526e-01
4.740331173373667495e-01
4.988841848372037591e-01
4.771335989173643988e-01
4.715520215686856420e-01
4.833135591110101492e-01
4.960131864707744143e-01
4.922360622412639275e-01
4.845152200769727302e-01
5.033650169693877352e-01
4.780563364292662598e-01
4.778071732777535718e-01
4.697111395414495516e-01
4.730927287578590157e-01
4.795421426223646644e-01
4.848261260787781746e-01
4.594511512265690989e-01
4.820986193415461862e-01
4.797313015383146140e-01
4.624176862689675649e-01
4.731517823979916604e-01
4.699197924776297164e-01
4.735047131919383201e-01
4.833267595459687649e-01
4.452447939633511487e-01
4.754065949737355523e-01
4.741299914965014795e-01
4.812525890063404921e-01
4.883681276054735454e-01
4.573601020730393429e-01
4.650481422836567624e-01
4.412758157753004506e-01
4.878628136328837517e-01
4.974928059429259974e-01
4.953758959161241870e-01
4.682577264364994329e-01
4.747930206459887725e-01
4.817651568425010966e-01
4.876531897777223179e-01
4.756886186148338580e-01
4.974992239808432304e-01
4.920040056884354418e-01
5.026184387456288372e-01
4.996154428804659986e-01
5.064263304396537935e-01
5.176973812843350675e-01
4.856280834149469539e-01
4.936505121285716391e-01
5.010394750987323675e-01
5.107694889660197024e-01
5.056429667893848068e-01
5.144966794563543555e-01
4.935428489898589510e-01
4.924802538446508837e-01
4.831544667520615843e-01
4.861110077780902428e-01
4.756923718179719707e-01
4.936125785513661435e-01
4.895299757779045802e-01
5.001214680770567078e-01
4.943176458493448444e-01
5.051893131574908269e-01
4.879344357166434110e-01
5.002959821014647535e-01
4.939822102369151868e-01
5.156192189897074174e-01
4.960465522319288945e-01
4.965506056391503220e-01
4.936528706780900499e-01
4.946255312185172115e-01
4.946977877814010549e-01
5.038410212350420414e-01
5.056747152466626316e-01
5.104297241574097255e-01
4.941847963899703711e-01
5.001806211592053630e-01
5.010842992693614883e-01
4.994769881415653257e-01
5.098420542037730430e-01
5.059837964385245357e-01
5.023692467144801332e-01
4.962959155032256042e-01
5.078865318841760956e-01
4.932821928800421030e-01
4.990186500941285463e-01
4.964916147949550163e-01
4.889659943177868673e-01
5.071518928463726317e-01
4.900181165656910531e-01
4.978008165354568249e-01
5.076698101295084031e-01
5.122142927820839686e-01
5.054501705490350716e-01
4.844760051677604040e-01
5.032287245788180652e-01
4.802363548200267451e-01
4.965839940995128710e-01
4.956320415499619880e-01
4.947634365387951760e-01
5.079519602550792712e-01
5.126298750904833001e-01
5.070067994767494257e-01
5.032373256227407055e-01
5.049766205418563247e-01
5.225964782868842695e-01
5.319966962461453175e-01
5.275527410008912232e-01
5.250289308721307613e-01
5.072758977301560224e-01
5.286065317308529243e-01
5.167706556215722058e-01
5.081871719426320766e-01
5.322264099672109339e-01
5.107368032423819093e-01
5.158036313452085686e-01
5.293786377072083882e-01
5.177908268161443006e-01
5.168699483330014832e-01
5.195145121603131910e-01
5.368959786575223658e-01
5.098210174714953302e-01
5.144314171629881249e-01
5.242404689139031904e-01
5.474565167529347187e-01
5.244703465685505162e-01
5.338773003402732531e-01
5.181394493515824040e-01
5.491695045308921941e-01
5.231143238632192105e-01
5.226384437307414199e-01
5.376815634680476297e-01
5.261133170535714498e-01
5.212796329055128242e-01
5.376237558967792429e-01
5.247003237011204080e-01
5.195929464889712524e-01
5.183552980340954131e-01
5.198728820390370320e-01
5.276913252970397705e-01
4.942287209773374435e-01
4.796765354072517473e-01
4.835148702390107411e-01
4.878743693201766929e-01
4.912430698835769660e-01
4.710005202229359811e-01
4.845437735883490471e-01
4.891705861703690705e-01
4.788349376541903846e-01
4.923509393181234595e-01
4.825040278858394593e-01
4.997378526768015417e-01
5.249829329356580088e-01
4.988310440874462737e-01
5.172425787448163836e-01
4.982079863565472277e-01
5.183530293285052437e-01
4.961274424310477271e-01
5.042678960543433009e-01
5.010197379534628848e-01
5.127058915713108567e-01
5.282032213516922869e-01
5.224293184942911950e-01
5.132216101255595575e-01
5.143265913347504492e-01
5.183341970521835318e-01
5.246742282481383635e-01
5.436328039266784540e-01
5.436493884842611424e-01
5.160976079874095568e-01
5.249861866339301519e-01
5.290596524546655743e-01
5.240385222550929534e-01
5.259637777213874710e-01
5.113225493366594376e-01
5.227411324512016844e-01
5.238982900342061821e-01
5.261423691186368767e-01
5.176600977207150844e-01
5.035045871572870757e-01
5.087893648487934461e-01
5.129223563388940477e-01
5.303600997120211380e-01
5.135642502607417059e-01
5.219013191759592774e-01
5.486777436860442725e-01
5.152194558830881510e-01
5.165531655268178479e-01
5.023137763364499131e-01
5.269264114562171031e-01
5.337045500723440750e-01
5.215746413615831578e-01
5.205687515212910066e-01
5.376537423646989833e-01
5.324930455061636092e-01
5.394326987071530466e-01
5.558155787576594120e-01
5.657037458405151931e-01
5.384788415339148981e-01
5.602997904205376800e-01
5.562875908545421577e-01
5.332924036842373594e-01
